============================================================================
|  Loan: 90000  |  Years: 25  |  Interest: 18000  |  Monthly Payment: 360  |
============================================================================
|    Payment    |  Interest   |     Principal     |      Left to Pay       |
============================================================================
|       1       |     135     |        225        |         108000         |
|       2       |     135     |        225        |         107640         |
|       3       |     134     |        226        |         107280         |
|       4       |     134     |        226        |         106920         |
|       5       |     133     |        227        |         106560         |
|       6       |     133     |        227        |         106200         |
|       7       |     132     |        228        |         105840         |
|       8       |     132     |        228        |         105480         |
|       9       |     131     |        229        |         105120         |
|      10       |     131     |        229        |         104760         |
|      11       |     130     |        230        |         104400         |
|      12       |     130     |        230        |         104040         |
|      13       |     130     |        230        |         103680         |
|      14       |     129     |        231        |         103320         |
|      15       |     129     |        231        |         102960         |
|      16       |     128     |        232        |         102600         |
|      17       |     128     |        232        |         102240         |
|      18       |     127     |        233        |         101880         |
|      19       |     127     |        233        |         101520         |
|      20       |     126     |        234        |         101160         |
|      21       |     126     |        234        |         100800         |
|      22       |     126     |        234        |         100440         |
|      23       |     125     |        235        |         100080         |
|      24       |     125     |        235        |         99720          |
|      25       |     124     |        236        |         99360          |
|      26       |     124     |        236        |         99000          |
|      27       |     123     |        237        |         98640          |
|      28       |     123     |        237        |         98280          |
|      29       |     122     |        238        |         97920          |
|      30       |     122     |        238        |         97560          |
|      31       |     122     |        238        |         97200          |
|      32       |     121     |        239        |         96840          |
|      33       |     121     |        239        |         96480          |
|      34       |     120     |        240        |         96120          |
|      35       |     120     |        240        |         95760          |
|      36       |     119     |        241        |         95400          |
|      37       |     119     |        241        |         95040          |
|      38       |     118     |        242        |         94680          |
|      39       |     118     |        242        |         94320          |
|      40       |     117     |        243        |         93960          |
|      41       |     117     |        243        |         93600          |
|      42       |     117     |        243        |         93240          |
|      43       |     116     |        244        |         92880          |
|      44       |     116     |        244        |         92520          |
|      45       |     115     |        245        |         92160          |
|      46       |     115     |        245        |         91800          |
|      47       |     114     |        246        |         91440          |
|      48       |     114     |        246        |         91080          |
|      49       |     113     |        247        |         90720          |
|      50       |     113     |        247        |         90360          |
|      51       |     112     |        248        |         90000          |
|      52       |     112     |        248        |         89640          |
|      53       |     112     |        248        |         89280          |
|      54       |     111     |        249        |         88920          |
|      55       |     111     |        249        |         88560          |
|      56       |     110     |        250        |         88200          |
|      57       |     110     |        250        |         87840          |
|      58       |     109     |        251        |         87480          |
|      59       |     109     |        251        |         87120          |
|      60       |     108     |        252        |         86760          |
|      61       |     108     |        252        |         86400          |
|      62       |     108     |        252        |         86040          |
|      63       |     107     |        253        |         85680          |
|      64       |     107     |        253        |         85320          |
|      65       |     106     |        254        |         84960          |
|      66       |     106     |        254        |         84600          |
|      67       |     105     |        255        |         84240          |
|      68       |     105     |        255        |         83880          |
|      69       |     104     |        256        |         83520          |
|      70       |     104     |        256        |         83160          |
|      71       |     104     |        256        |         82800          |
|      72       |     103     |        257        |         82440          |
|      73       |     103     |        257        |         82080          |
|      74       |     102     |        258        |         81720          |
|      75       |     102     |        258        |         81360          |
|      76       |     101     |        259        |         81000          |
|      77       |     101     |        259        |         80640          |
|      78       |     100     |        260        |         80280          |
|      79       |     100     |        260        |         79920          |
|      80       |     99      |        261        |         79560          |
|      81       |     99      |        261        |         79200          |
|      82       |     99      |        261        |         78840          |
|      83       |     98      |        262        |         78480          |
|      84       |     98      |        262        |         78120          |
|      85       |     97      |        263        |         77760          |
|      86       |     97      |        263        |         77400          |
|      87       |     96      |        264        |         77040          |
|      88       |     96      |        264        |         76680          |
|      89       |     95      |        265        |         76320          |
|      90       |     95      |        265        |         75960          |
|      91       |     94      |        266        |         75600          |
|      92       |     94      |        266        |         75240          |
|      93       |     94      |        266        |         74880          |
|      94       |     93      |        267        |         74520          |
|      95       |     93      |        267        |         74160          |
|      96       |     92      |        268        |         73800          |
|      97       |     92      |        268        |         73440          |
|      98       |     91      |        269        |         73080          |
|      99       |     91      |        269        |         72720          |
|      100      |     90      |        270        |         72360          |
|      101      |     90      |        270        |         72000          |
|      102      |     90      |        270        |         71640          |
|      103      |     89      |        271        |         71280          |
|      104      |     89      |        271        |         70920          |
|      105      |     88      |        272        |         70560          |
|      106      |     88      |        272        |         70200          |
|      107      |     87      |        273        |         69840          |
|      108      |     87      |        273        |         69480          |
|      109      |     86      |        274        |         69120          |
|      110      |     86      |        274        |         68760          |
|      111      |     86      |        274        |         68400          |
|      112      |     85      |        275        |         68040          |
|      113      |     85      |        275        |         67680          |
|      114      |     84      |        276        |         67320          |
|      115      |     84      |        276        |         66960          |
|      116      |     83      |        277        |         66600          |
|      117      |     83      |        277        |         66240          |
|      118      |     82      |        278        |         65880          |
|      119      |     82      |        278        |         65520          |
|      120      |     81      |        279        |         65160          |
|      121      |     81      |        279        |         64800          |
|      122      |     81      |        279        |         64440          |
|      123      |     80      |        280        |         64080          |
|      124      |     80      |        280        |         63720          |
|      125      |     79      |        281        |         63360          |
|      126      |     79      |        281        |         63000          |
|      127      |     78      |        282        |         62640          |
|      128      |     78      |        282        |         62280          |
|      129      |     77      |        283        |         61920          |
|      130      |     77      |        283        |         61560          |
|      131      |     76      |        284        |         61200          |
|      132      |     76      |        284        |         60840          |
|      133      |     76      |        284        |         60480          |
|      134      |     75      |        285        |         60120          |
|      135      |     75      |        285        |         59760          |
|      136      |     74      |        286        |         59400          |
|      137      |     74      |        286        |         59040          |
|      138      |     73      |        287        |         58680          |
|      139      |     73      |        287        |         58320          |
|      140      |     72      |        288        |         57960          |
|      141      |     72      |        288        |         57600          |
|      142      |     72      |        288        |         57240          |
|      143      |     71      |        289        |         56880          |
|      144      |     71      |        289        |         56520          |
|      145      |     70      |        290        |         56160          |
|      146      |     70      |        290        |         55800          |
|      147      |     69      |        291        |         55440          |
|      148      |     69      |        291        |         55080          |
|      149      |     68      |        292        |         54720          |
|      150      |     68      |        292        |         54360          |
|      151      |     68      |        292        |         54000          |
|      152      |     67      |        293        |         53640          |
|      153      |     67      |        293        |         53280          |
|      154      |     66      |        294        |         52920          |
|      155      |     66      |        294        |         52560          |
|      156      |     65      |        295        |         52200          |
|      157      |     65      |        295        |         51840          |
|      158      |     64      |        296        |         51480          |
|      159      |     64      |        296        |         51120          |
|      160      |     63      |        297        |         50760          |
|      161      |     63      |        297        |         50400          |
|      162      |     63      |        297        |         50040          |
|      163      |     62      |        298        |         49680          |
|      164      |     62      |        298        |         49320          |
|      165      |     61      |        299        |         48960          |
|      166      |     61      |        299        |         48600          |
|      167      |     60      |        300        |         48240          |
|      168      |     60      |        300        |         47880          |
|      169      |     59      |        301        |         47520          |
|      170      |     59      |        301        |         47160          |
|      171      |     58      |        302        |         46800          |
|      172      |     58      |        302        |         46440          |
|      173      |     58      |        302        |         46080          |
|      174      |     57      |        303        |         45720          |
|      175      |     57      |        303        |         45360          |
|      176      |     56      |        304        |         45000          |
|      177      |     56      |        304        |         44640          |
|      178      |     55      |        305        |         44280          |
|      179      |     55      |        305        |         43920          |
|      180      |     54      |        306        |         43560          |
|      181      |     54      |        306        |         43200          |
|      182      |     54      |        306        |         42840          |
|      183      |     53      |        307        |         42480          |
|      184      |     53      |        307        |         42120          |
|      185      |     52      |        308        |         41760          |
|      186      |     52      |        308        |         41400          |
|      187      |     51      |        309        |         41040          |
|      188      |     51      |        309        |         40680          |
|      189      |     50      |        310        |         40320          |
|      190      |     50      |        310        |         39960          |
|      191      |     50      |        310        |         39600          |
|      192      |     49      |        311        |         39240          |
|      193      |     49      |        311        |         38880          |
|      194      |     48      |        312        |         38520          |
|      195      |     48      |        312        |         38160          |
|      196      |     47      |        313        |         37800          |
|      197      |     47      |        313        |         37440          |
|      198      |     46      |        314        |         37080          |
|      199      |     46      |        314        |         36720          |
|      200      |     45      |        315        |         36360          |
|      201      |     45      |        315        |         36000          |
|      202      |     45      |        315        |         35640          |
|      203      |     44      |        316        |         35280          |
|      204      |     44      |        316        |         34920          |
|      205      |     43      |        317        |         34560          |
|      206      |     43      |        317        |         34200          |
|      207      |     42      |        318        |         33840          |
|      208      |     42      |        318        |         33480          |
|      209      |     41      |        319        |         33120          |
|      210      |     41      |        319        |         32760          |
|      211      |     40      |        320        |         32400          |
|      212      |     40      |        320        |         32040          |
|      213      |     40      |        320        |         31680          |
|      214      |     39      |        321        |         31320          |
|      215      |     39      |        321        |         30960          |
|      216      |     38      |        322        |         30600          |
|      217      |     38      |        322        |         30240          |
|      218      |     37      |        323        |         29880          |
|      219      |     37      |        323        |         29520          |
|      220      |     36      |        324        |         29160          |
|      221      |     36      |        324        |         28800          |
|      222      |     36      |        324        |         28440          |
|      223      |     35      |        325        |         28080          |
|      224      |     35      |        325        |         27720          |
|      225      |     34      |        326        |         27360          |
|      226      |     34      |        326        |         27000          |
|      227      |     33      |        327        |         26640          |
|      228      |     33      |        327        |         26280          |
|      229      |     32      |        328        |         25920          |
|      230      |     32      |        328        |         25560          |
|      231      |     32      |        328        |         25200          |
|      232      |     31      |        329        |         24840          |
|      233      |     31      |        329        |         24480          |
|      234      |     30      |        330        |         24120          |
|      235      |     30      |        330        |         23760          |
|      236      |     29      |        331        |         23400          |
|      237      |     29      |        331        |         23040          |
|      238      |     28      |        332        |         22680          |
|      239      |     28      |        332        |         22320          |
|      240      |     27      |        333        |         21960          |
|      241      |     27      |        333        |         21600          |
|      242      |     27      |        333        |         21240          |
|      243      |     26      |        334        |         20880          |
|      244      |     26      |        334        |         20520          |
|      245      |     25      |        335        |         20160          |
|      246      |     25      |        335        |         19800          |
|      247      |     24      |        336        |         19440          |
|      248      |     24      |        336        |         19080          |
|      249      |     23      |        337        |         18720          |
|      250      |     23      |        337        |         18360          |
|      251      |     22      |        338        |         18000          |
|      252      |     22      |        338        |         17640          |
|      253      |     22      |        338        |         17280          |
|      254      |     21      |        339        |         16920          |
|      255      |     21      |        339        |         16560          |
|      256      |     20      |        340        |         16200          |
|      257      |     20      |        340        |         15840          |
|      258      |     19      |        341        |         15480          |
|      259      |     19      |        341        |         15120          |
|      260      |     18      |        342        |         14760          |
|      261      |     18      |        342        |         14400          |
|      262      |     18      |        342        |         14040          |
|      263      |     17      |        343        |         13680          |
|      264      |     17      |        343        |         13320          |
|      265      |     16      |        344        |         12960          |
|      266      |     16      |        344        |         12600          |
|      267      |     15      |        345        |         12240          |
|      268      |     15      |        345        |         11880          |
|      269      |     14      |        346        |         11520          |
|      270      |     14      |        346        |         11160          |
|      271      |     14      |        346        |         10800          |
|      272      |     13      |        347        |         10440          |
|      273      |     13      |        347        |         10080          |
|      274      |     12      |        348        |          9720          |
|      275      |     12      |        348        |          9360          |
|      276      |     11      |        349        |          9000          |
|      277      |     11      |        349        |          8640          |
|      278      |     10      |        350        |          8280          |
|      279      |     10      |        350        |          7920          |
|      280      |      9      |        351        |          7560          |
|      281      |      9      |        351        |          7200          |
|      282      |      9      |        351        |          6840          |
|      283      |      8      |        352        |          6480          |
|      284      |      8      |        352        |          6120          |
|      285      |      7      |        353        |          5760          |
|      286      |      7      |        353        |          5400          |
|      287      |      6      |        354        |          5040          |
|      288      |      6      |        354        |          4680          |
|      289      |      5      |        355        |          4320          |
|      290      |      5      |        355        |          3960          |
|      291      |      4      |        356        |          3600          |
|      292      |      4      |        356        |          3240          |
|      293      |      4      |        356        |          2880          |
|      294      |      3      |        357        |          2520          |
|      295      |      3      |        357        |          2160          |
|      296      |      2      |        358        |          1800          |
|      297      |      2      |        358        |          1440          |
|      298      |      1      |        359        |          1080          |
|      299      |      1      |        359        |          720           |
|      300      |      0      |        360        |          360           |